5 + 4 = 9
00100101
00010000
00100100
00110000
11110000

5 - 4 = 1
00100100
00010000
00100101
01000000
11110000

5 * 4 = 20
00100101
00010000
00100100
01010000
11110000


4 / 2 = 2
00100010
00010000
00100100
01100000
11110000

4 * 12 = 
00100010
00010101
00100111
00010000
00100001
00010011
00101010
00010100
00000010
00110000
00010010
11000000
00000001
00110011
00010001
00101100
01000001
10010101
10000100
11110000

27 + 42 = 69
00101111
00010000
00101100
00010001
00110000
00110000
00110000
00110001
11000000
11110000